1711376009045 0.38058856522937 0
1711377452223 0.40163182160414934 0
1711378957065 0.4426197735540371 0
1711380455865 0.4678824125320382 0
1711381944940 0.5118436161231227 0
1711383822460 0.540595849959349 0
1711385695250 0.5775908545751911 0
1711387562424 0.6171528077029186 0
1711389428461 0.6464107333791702 0
1711391298722 0.6921602806431454 0
1711393160211 0.714196222652816 0
1711395026007 0.7429824532804933 0
1711396885809 0.7611961373219165 0
1711398748632 0.7795648167295721 0
1711400602192 0.7931416921366663 0
1711402462130 0.808765116166959 0
1711404331604 0.8307201160477866 0
1711406192274 0.8422407244254426 0
1711408055503 0.8459303306123359 0
1711409912097 0.8640991698069305 0
1711411767541 0.8599229952416443 0
1711413240975 0.8789498811086769 0
1711414621550 0.8852018191036757 0
1711415967313 0.8979121026925645 0
1711417318044 0.8982596385813996 0
1711418699066 0.9065917769661779 0
1711420137046 0.9137070604627733 0
1711421585673 0.9084415461191677 0
1711423009956 0.9175317182929357 0
1711424451617 0.9254345034519929 0
1711425903698 0.9242000323886872 0
1711427351671 0.925843685041323 0
1711428833079 0.9256102767333786 0
1711430306866 0.9346111872492457 0
1711431777399 0.9367651810866164 0
1711433253711 0.9288680832936032 0
1711434736356 0.9368894225844974 0
1711436196593 0.9412651501774031 0
1711437616133 0.9424511509010594 0
1711439035741 0.9410035137766477 0
1711440445340 0.9438353348623291 0
1711441867328 0.9435328504340252 0
1711443273945 0.9396330683769323 0
1711444617244 0.9513687708704943 0
1711446043983 0.945746722486901 0
1711447521610 0.9476754167006688 0
1711448965836 0.9543282605179808 0
1711450308368 0.9536644129603005 0
1711451674901 0.9584106165491953 0
1711453035551 0.9545571689836967 0
