1711376009044 1.5896767600919262 0
1711377452222 1.2080629539911194 0
1711378957064 0.962188100694406 0
1711380455864 0.809678649518526 0
1711381944939 0.6989790487470049 0
1711383822458 0.6104869668795304 0
1711385695248 0.5341519699290846 0
1711387562423 0.4688416045648281 0
1711389428459 0.4135611176152121 0
1711391298721 0.3678788279719425 0
1711393160209 0.3284218001489838 0
1711395026006 0.2948672384606919 0
1711396885807 0.26626509616734706 0
1711398748630 0.24391369089822879 0
1711400602191 0.21771436142876294 0
1711402462129 0.20025277341894732 0
1711404331603 0.18315008272783773 0
1711406192272 0.1659265434378852 0
1711408055501 0.15553442255706723 0
1711409912095 0.14149596398752748 0
1711411767540 0.1319851504318943 0
1711413240974 0.12511781125113067 0
1711414621550 0.11378039826469666 0
1711415967313 0.10849931774769128 0
1711417318043 0.10201417611949522 0
1711418699065 0.09601767239104392 0
1711420137045 0.09084905533994914 0
1711421585672 0.0868055303635151 0
1711423009955 0.08188717598848119 0
1711424451616 0.07841302737525449 0
1711425903698 0.07572564936708659 0
1711427351670 0.07168352483475413 0
1711428833078 0.06964728736596162 0
1711430306865 0.06590424223492543 0
1711431777398 0.06385493669223812 0
1711433253710 0.06171756161463851 0
1711434736356 0.058717369780325414 0
1711436196592 0.05798285811583305 0
1711437616132 0.05701430202097246 0
1711439035740 0.05322003652890815 0
1711440445340 0.05296353906242535 0
1711441867327 0.051811273468451366 0
1711443273944 0.050843134917074234 0
1711444617243 0.04749876231018624 0
1711446043983 0.0483112919714062 0
1711447521610 0.04719733770359355 0
1711448965835 0.04478281945879589 0
1711450308367 0.04542626021200594 0
1711451674900 0.04368708607002227 0
1711453035550 0.04272508047658696 0
