1711467452784 -0.007440046828414778 0
1711467480065 0.029256266792071984 0
1711467507186 0.17590433198260141 0
1711467533744 0.2654818375036121 0
1711467560720 0.22443133492488415 0
1711467587951 0.37900779459625483 0
1711467614819 0.3942864620685578 0
1711467641606 0.3101205710228533 0
1711467668569 0.276607329910621 0
1711467695436 0.293405056335032 0
1711467722244 0.2557225060928613 0
1711467749147 0.3318048070906662 0
1711467776253 0.2455140893161297 0
1711467803110 0.32266917495056985 0
1711467830127 0.3505539490841329 0
1711467857003 0.3965799008961767 0
1711467884033 0.4010906807892024 0
1711467910938 0.41533485384657975 0
1711467937883 0.28844140674918894 0
1711467965174 0.36843983821978327 0
1711467992707 0.4150140424072742 0
1711468020030 0.4024283755896613 0
1711468047246 0.3165546650346368 0
1711468074690 0.3267670713644475 0
1711468101976 0.37946971939411017 0
1711468129179 0.2848998898640275 0
1711468156453 0.3526569511182606 0
1711468183738 0.3123002913966774 0
1711468211076 0.3574724212288857 0
1711468238518 0.308419652977027 0
1711468265667 0.3005288849190401 0
1711468292825 0.2870609628688544 0
1711468320071 0.34492753831669687 0
1711468347004 0.2739614235237241 0
1711468374303 0.22940884234383704 0
1711468401494 0.3750194008462131 0
1711468428390 0.47813998911529776 0
1711468455473 0.3095528466714313 0
1711468482698 0.36852390837229904 0
1711468509895 0.27230674235499464 0
1711468537610 0.3854619035602081 0
1711468564825 0.3621834173239768 0
1711468592196 0.37997925172559915 0
1711468619403 0.24737036520615222 0
1711468646510 0.37257473548874265 0
1711468673961 0.3895132282376289 0
1711468701416 0.4196063265949488 0
1711468728619 0.3110757806152105 0
1711468756014 0.2545474240661133 0
1711468783163 0.4489654791849899 0
1711468810235 0.4228528639487922 0
1711468837198 0.37801366039784623 0
1711468864279 0.4085746234934777 0
1711468891399 0.30889078410342335 0
1711468918151 0.2921065146010369 0
1711468945066 0.3316649341478478 0
1711468972056 0.2503372646588832 0
1711468999060 0.38682670982554557 0
1711469025812 0.26312740959227077 0
1711469052554 0.3385320148826577 0
1711469079565 0.3356745099276305 0
1711469106202 0.32473297068849205 0
1711469133356 0.24752479172311728 0
1711469160137 0.34258573210914617 0
1711469186994 0.3948346703674178 0
1711469213798 0.2831691447366029 0
1711469240747 0.39541343178832905 0
1711469267493 0.41576668586581944 0
1711469294576 0.38543343377939887 0
1711469321307 0.3699806835129857 0
1711469348318 0.4963017847575248 0
1711469374928 0.24529901806614363 0
1711469401888 0.1716776925045997 0
1711469428602 0.30322893038392074 0
1711469455327 0.30798662718385456 0
1711469482191 0.29383397147408685 0
1711469509327 0.28234429480566176 0
1711469536369 0.2456198996398598 0
1711469562952 0.29646345189772544 0
1711469589547 0.3726459209434688 0
1711469616059 0.3273619768302888 0
1711469643008 0.20718967800494284 0
1711469669679 0.2892472086381167 0
1711469696465 0.2806423361971974 0
1711469723242 0.25609726773574953 0
1711469750318 0.4317844383604824 0
1711469776995 0.28548689659684895 0
1711469803909 0.38364698396995667 0
1711469831331 0.35354541502427306 0
1711469858599 0.2645805048756301 0
1711469885097 0.4140393151342868 0
1711469911469 0.2786006772145629 0
1711469937753 0.2639058677665889 0
1711469963954 0.26369996211491525 0
1711469990300 0.30878074267646294 0
1711470016619 0.4251465144031682 0
1711470042936 0.45802323685958984 0
1711470069243 0.34414960507303477 0
1711470095826 0.2730628093215637 0
1711470122460 0.28745317369699486 0
