1711467452785 0.22865187539569237 0
1711467480066 0.2040686125245174 0
1711467507187 0.1786344649969604 0
1711467533745 0.17830999628118827 0
1711467560721 0.15869761059079662 0
1711467587951 0.13596168489970503 0
1711467614820 0.10926320545478248 0
1711467641607 0.12976774405988917 0
1711467668570 0.13282603413969912 0
1711467695437 0.11030497794541069 0
1711467722245 0.1392183368965324 0
1711467749147 0.14746865574746054 0
1711467776254 0.16673402772796558 0
1711467803111 0.11270597666728285 0
1711467830128 0.12890846060243283 0
1711467857004 0.11139770879070894 0
1711467884034 0.12837430824297186 0
1711467910938 0.12277221649106333 0
1711467937883 0.1524359540109604 0
1711467965175 0.14149071012002662 0
1711467992707 0.12399225960941482 0
1711468020031 0.1010907845581698 0
1711468047247 0.15077287202128425 0
1711468074691 0.15078703782276462 0
1711468101977 0.1662578713525254 0
1711468129180 0.1975954511216329 0
1711468156454 0.16078800283990113 0
1711468183738 0.15534928031475198 0
1711468211077 0.15289265929227083 0
1711468238519 0.15074175229715434 0
1711468265668 0.1699453943546338 0
1711468292826 0.1740091009358458 0
1711468320071 0.14293884487538236 0
1711468347005 0.21852114194603028 0
1711468374304 0.2124567712272157 0
1711468401495 0.1110393092535162 0
1711468428390 0.12601893370326075 0
1711468455473 0.15705732150235402 0
1711468482698 0.14962991193590375 0
1711468509896 0.1609273506968857 0
1711468537611 0.1463626861908857 0
1711468564826 0.13619477433305696 0
1711468592197 0.12970656949310183 0
1711468619404 0.16525064857693844 0
1711468646511 0.11209867902886313 0
1711468673962 0.10867177053200613 0
1711468701417 0.15019812745340272 0
1711468728620 0.1670839762561344 0
1711468756015 0.1802020967191767 0
1711468783164 0.07440790280233564 0
1711468810236 0.12066578102248168 0
1711468837199 0.15498051372851335 0
1711468864280 0.15240576920157262 0
1711468891400 0.11964074700238796 0
1711468918152 0.18050627734854052 0
1711468945067 0.20395518678321936 0
1711468972056 0.17534281635503296 0
1711468999061 0.18519765874037566 0
1711469025812 0.18273739841755593 0
1711469052555 0.16225602168420875 0
1711469079566 0.18409358176229065 0
1711469106203 0.1660507443109999 0
1711469133357 0.19858231851536734 0
1711469160138 0.15895412177720347 0
1711469186995 0.15201962273345582 0
1711469213798 0.1671427636796378 0
1711469240748 0.13726878359541408 0
1711469267494 0.11488888490021469 0
1711469294577 0.1577128354416527 0
1711469321308 0.15348689076015115 0
1711469348319 0.09906520168262534 0
1711469374929 0.19230346416371402 0
1711469401888 0.23064605989131487 0
1711469428602 0.19349098378045762 0
1711469455328 0.17165036839073278 0
1711469482192 0.1507291390321638 0
1711469509328 0.1873432483900734 0
1711469536370 0.2270957579689255 0
1711469562952 0.145431361003077 0
1711469589547 0.17416585265278423 0
1711469616060 0.1725210704198199 0
1711469643009 0.1881621023302409 0
1711469669680 0.19998069382037548 0
1711469696465 0.19355306025176477 0
1711469723243 0.2315043360615638 0
1711469750319 0.1655986865237802 0
1711469776996 0.18986630652649303 0
1711469803910 0.16448362083203888 0
1711469831332 0.16714093532725577 0
1711469858600 0.18298712586388102 0
1711469885098 0.16791307846938242 0
1711469911470 0.18638424215279545 0
1711469937754 0.18800703904175806 0
1711469963954 0.17888206302654697 0
1711469990301 0.18174817209051705 0
1711470016620 0.19080052901211256 0
1711470042937 0.15321834788840566 0
1711470069244 0.20632198133193494 0
1711470095827 0.19274315265475495 0
1711470122461 0.16506372204618822 0
