1711464180801 1.4927528238266208 0
1711464208542 1.560960933261158 0
1711464235514 1.0295047472735779 0
1711464262897 0.8712093178885496 0
1711464289758 0.7292693075549607 0
1711464317158 0.9193333442714069 0
1711464344324 0.9565179307830496 0
1711464371630 0.9400134514407112 0
1711464399091 0.7428581479636759 0
1711464426098 0.7654361649423554 0
1711464453276 0.7225305515809095 0
1711464480684 0.7087213311495715 0
1711464508089 1.0844406102243005 0
1711464535160 1.0647751899181537 0
1711464562482 0.7473811265824081 0
1711464589822 0.6219117836450045 0
1711464617045 0.9275971938177923 0
1711464644274 0.8439729117492261 0
1711464671456 0.9079827885633485 0
1711464698642 1.048060447121129 0
