1711464180800 -0.014922788576805032 0
1711464208541 0.08606205782387406 0
1711464235514 0.29680774654261766 0
1711464262896 0.4273752288147807 0
1711464289757 0.35100183028727766 0
1711464317157 0.39228475499898197 0
1711464344323 0.35430693608708685 0
1711464371629 0.33521810359321524 0
1711464399090 0.3157900738157332 0
1711464426097 0.32744179887231445 0
1711464453275 0.378915960881859 0
1711464480684 0.30190467482432726 0
1711464508088 0.4099971272842958 0
1711464535159 0.3699084899295121 0
1711464562481 0.49153550751972946 0
1711464589821 0.4154203769937158 0
1711464617044 0.41867806762456894 0
1711464644273 0.3114756573736668 0
1711464671455 0.33039113034494216 0
1711464698641 0.28209719365462665 0
