1711464991841 0.23421232404277034 0
1711465018508 0.23955908040143567 0
1711465045249 0.22762032061894746 0
1711465072024 0.25232291271827884 0
1711465098724 0.23378334859429756 0
1711465125482 0.23098919607785132 0
1711465152758 0.209989334665523 0
1711465179361 0.2140307829472378 0
1711465206299 0.21929808805630596 0
1711465232775 0.18908225960928524 0
1711465259498 0.22127735011167568 0
1711465286695 0.20674944696889114 0
1711465313823 0.2243889353352936 0
1711465340899 0.18496225124652932 0
1711465367797 0.16197541040517344 0
1711465394576 0.17864971449094566 0
1711465421363 0.17783520526247032 0
1711465448087 0.15407221773517787 0
1711465474426 0.20013722112739032 0
1711465500840 0.1849897871329713 0
