1711464991840 -0.013550942790461703 0
1711465018507 -0.004729519973479911 0
1711465045248 0.0769739552665851 0
1711465072023 0.0647411482030293 0
1711465098723 0.09877852199599146 0
1711465125481 0.07755016192328185 0
1711465152757 0.0966659501567483 0
1711465179360 0.11003620489500465 0
1711465206298 0.11782448923797346 0
1711465232774 0.14014395519625394 0
1711465259497 0.16437809650320562 0
1711465286694 0.142574590491713 0
1711465313822 0.12455195281072517 0
1711465340898 0.2142196887289174 0
1711465367795 0.21164969320758242 0
1711465394575 0.3250700443424285 0
1711465421362 0.24957623757596595 0
1711465448086 0.22937059599906204 0
1711465474425 0.28507401667535304 0
1711465500839 0.27503972623962913 0
