1711471641719 -0.07745378009974956 0
1711471666482 -0.07127160999923944 0
1711471691200 -0.0731249300763011 0
1711471715791 -0.04383245621807873 0
1711471740576 -0.04090303268283606 0
1711471765319 -0.053693169679027056 0
1711471789724 -0.033160295682027933 0
1711471814530 -0.0473461857251823 0
1711471839664 -0.03681412223726511 0
1711471864116 -0.022049083830788734 0
1711471888610 -0.028193257460370658 0
1711471912785 -0.03515607013832777 0
1711471936612 -0.032307278546504684 0
1711471960260 -0.029375757137313486 0
1711471983921 -0.021225390601903198 0
1711472007383 -0.016764958137646318 0
1711472031672 -0.0196575869503431 0
1711472056492 -0.023218714032555 0
1711472081295 -0.016301076197996738 0
1711472108620 -0.014265715917572381 0
1711472135123 -0.01415205032681115 0
1711472167504 -0.011666142900940032 0
1711472199965 -0.011159235918894412 0
1711472233942 -0.008545668895822018 0
1711472264000 -0.010162593969143926 0
1711472298153 -0.010337094729766249 0
1711472330740 -0.007177855609916151 0
1711472362947 -0.005240313213143963 0
1711472397059 -0.005510918259642493 0
1711472430173 -0.004683995669474824 0
1711472463190 -0.0033449751918669794 0
1711472496507 -0.0035703306985669764 0
1711472528171 -0.003880825662054122 0
1711472561482 -0.004489987365086563 0
1711472592100 -0.013781125487294049 0
1711472623833 -0.01891666707582772 0
1711472657438 -0.010621113963425159 0
1711472687967 -0.008680702620185912 0
1711472720574 -0.005026419231435284 0
1711472755346 -0.00829953879059758 0
1711472788279 -0.014920451454818245 0
1711472820955 -0.025133419688791035 0
1711472855059 -0.019033449678681792 0
1711472886518 -0.01175639504683204 0
1711472921557 -0.008368543302640318 0
1711472954735 -0.004192990608644323 0
1711472988225 -0.004234798806428444 0
1711473022605 -0.004110360281920293 0
1711473057146 -0.00295342686411459 0
1711473086785 -0.0035116463981103145 0
1711473122728 -0.002126621949573746 0
1711473153042 -0.00699070345875043 0
1711473185925 -0.013142988289473578 0
1711473220658 -0.030171956261619927 0
1711473253338 -0.010046893530525267 0
1711473288680 -0.007935682709794492 0
1711473321858 -0.011143869025981986 0
1711473354972 -0.007632159868953749 0
1711473387712 -0.005400474808411672 0
1711473420148 -0.006363279249635525 0
1711473454084 -0.0036545055406168106 0
1711473486267 -0.0038774503296008338 0
1711473518414 -0.00405696835310664 0
1711473551076 -0.002543399907008279 0
1711473586118 -0.011537761242943815 0
1711473619800 -0.009964015861041845 0
1711473652302 -0.010492669935338199 0
1711473686198 -0.006839128485589753 0
1711473718327 -0.007302093056496232 0
1711473749228 -0.006511723909061402 0
1711473782305 -0.004566213561556651 0
1711473814137 -0.0027837043735780753 0
1711473847196 -0.0027787234946299575 0
1711473879161 -0.002666495812118228 0
1711473912082 -0.0033746323981904422 0
1711473946501 -0.0023023938408005054 0
1711473980557 -0.0012425251758031665 0
1711474012797 -0.002628817962686298 0
1711474046544 -0.0022259629315522036 0
1711474080068 -0.0011363387887831779 0
1711474112515 -0.0009605986330279847 0
1711474145484 -0.001256512436957564 0
1711474178422 -0.0007421310667632497 0
1711474211512 -0.0014815398196151364 0
1711474245763 -0.0014837677896139213 0
1711474276613 -0.0033314541313438895 0
1711474308771 -0.002002508574718149 0
1711474341502 -0.0022769247912947316 0
1711474374356 -0.0019007150760444347 0
1711474408398 -0.0015083437652356224 0
1711474439967 -0.0016547574336073013 0
1711474471133 -0.0018567588122095908 0
1711474503972 -0.0021931019864859986 0
1711474536508 -0.0027241647671326064 0
1711474567567 -0.0029353805461869342 0
1711474598432 -0.0036728048679651694 0
1711474632610 -0.0037242083490127698 0
1711474665956 -0.00467849176377058 0
1711474698717 -0.004885156794771319 0
1711474731364 -0.003257657266804018 0
