1711471641719 0.9694307571251093 0
1711471666483 0.9571471521764048 0
1711471691201 0.9512400019736583 0
1711471715792 0.9671531669409262 0
1711471740576 0.9619087063951675 0
1711471765320 0.9750532837965717 0
1711471789724 0.9741271660256954 0
1711471814531 0.9499302801489333 0
1711471839665 0.9605974501204212 0
1711471864117 0.9627336214152933 0
1711471888611 0.9570651026459732 0
1711471912786 0.9526971666673344 0
1711471936613 0.9369945676776588 0
1711471960260 0.9608818681391258 0
1711471983922 0.9654649258673225 0
1711472007384 0.9764739439414157 0
1711472031673 0.9444409992457136 0
1711472056493 0.9446542265417651 0
1711472081296 0.954962399426687 0
1711472108621 0.973473744243085 0
1711472135126 0.967657472881412 0
1711472167506 0.9647398029939426 0
1711472199968 0.9734241769782891 0
1711472233943 0.9761308627624248 0
1711472264001 0.9745503933514683 0
1711472298154 0.9659157574571265 0
1711472330742 0.9737613177089642 0
1711472362949 0.9788674916489761 0
1711472397060 0.9835841714085131 0
1711472430174 0.9853613251913609 0
1711472463191 0.9850038276305675 0
1711472496510 0.9796095911249889 0
1711472528172 0.984748086284265 0
1711472561483 0.9798469482676934 0
1711472592101 0.9293963858764819 0
1711472623834 0.9198098017627372 0
1711472657440 0.9633612558955619 0
1711472687968 0.9759483694389584 0
1711472720575 0.9755028312253549 0
1711472755347 0.9756349943055191 0
1711472788280 0.9585492993560966 0
1711472820956 0.9315347275684172 0
1711472855060 0.9148409674224084 0
1711472886520 0.9468181701664896 0
1711472921560 0.9558803350796576 0
1711472954737 0.9731115587011973 0
1711472988227 0.9786022133873905 0
1711473022607 0.9806135991072787 0
1711473057148 0.9775422795278835 0
1711473086787 0.9740634354462674 0
1711473122730 0.9804409393776128 0
1711473153043 0.9686838930969867 0
1711473185926 0.9385561015060724 0
1711473220659 0.8845638159399689 0
1711473253339 0.9313589255560146 0
1711473288680 0.9611807469240711 0
1711473321859 0.9606048016643525 0
1711473354974 0.9702704596224786 0
1711473387713 0.9785322915256016 0
1711473420151 0.9583173581439068 0
1711473454086 0.9693077449611414 0
1711473486269 0.9758685149966659 0
1711473518417 0.9847942558504194 0
1711473551077 0.9845875063900008 0
1711473586120 0.9562321027958852 0
1711473619802 0.9537932302807383 0
1711473652304 0.9558571971852693 0
1711473686199 0.9549516998425756 0
1711473718329 0.9623155645144985 0
1711473749233 0.9686286295623194 0
1711473782306 0.9783679715466667 0
1711473814138 0.9831838295244699 0
1711473847197 0.9867041744568164 0
1711473879163 0.9867670749043302 0
1711473912084 0.9815480200211913 0
1711473946502 0.9845726735643 0
1711473980559 0.9871094566517297 0
1711474012799 0.984787405663495 0
1711474046546 0.9861272728673702 0
1711474080069 0.9862652800523414 0
1711474112516 0.988202610101186 0
1711474145485 0.9881072179666475 0
1711474178424 0.9890398007844068 0
1711474211513 0.9873526895105001 0
1711474245764 0.9883659529235642 0
1711474276613 0.9838519167053456 0
1711474308773 0.9853555406186508 0
1711474341503 0.9837825438537019 0
1711474374359 0.9817372375964121 0
1711474408400 0.9833580698747516 0
1711474439969 0.9872839183168558 0
1711474471135 0.9814751308307894 0
1711474503973 0.9809008919504848 0
1711474536511 0.9802855936493303 0
1711474567569 0.9794188587199505 0
1711474598434 0.9742088219833762 0
1711474632611 0.9780341772968656 0
1711474665957 0.9759045995364766 0
1711474698718 0.9716390278821508 0
1711474731365 0.9811524143800068 0
